2813805830
1219859717
2732038281
1614274951
3166292317
2016713117
2806620574
2732096711
1936956262
2807571972
1915268521
2903473347
1934183965
2732290021
2807577540
1951657750
1714192160
2806655774
2394254754
2812125724
2807587880
2077238053
2817723173
1667729187
2807532344
2697512355
1878846264
2806774954
2866271010
1057314607
2807925562
2732036267
2426339760
2476713901
2736158523
1259082415
2808533052
2404643251
2245654852
2526688941
2806805692
1097414213
2732293055
1784473157
2732063041
2774454084
1650755382
2732726341
1768516172
2686518341
2807967564
2238163910
2013835867
2710330057
2811987552
2732126477
2609354271
1642909335
2806633232
219118995
2806760212
2807576980
1246025491
2807754904
2552489752
2334692377
1259295385
2734550683
2812023322
2732689251
2806601670
2176536132
2808816592
1931275874
2732529357
2837558232
2808691822
2732349041
2809883727
2363937500
2806599390
2732353395
2820494937
1869065701
1890743667
1996362704
2522887395
2096802421
1231759973
2616127863
2824270043
2813237992
2806806650
2810175950
2806585820
1625486207
1852046032
2732159987
2554954212
1646479337
1281908722
2732970097
2910766462
1965143171
2243901100
2808506542
2811975092
2735287995
1965260495
2807303894
2808007384
2771377385
2808726250
1577577971
2642081883
2733404265
2128331241
1559368702
2501330562
2499608320
1235313783
2671109275
1671342103
1297289501
2104039011